Distribuzione di Output:
15.100200     29
15.300055      0
15.499910      0
15.699765      0
15.899620      0
16.099475      0
16.299330      0
16.499185      0
16.699040      0
16.898895      0
17.098751      0
17.298606      0
17.498461      1
17.698316      0
17.898171      0
18.098026      0
18.297881      0
18.497736      0
18.697591      1
18.897446      0
19.097301      0
19.297156      0
19.497012      0
19.696867      0
19.896722      0
20.096577    882
20.296432     23
20.496287     22
20.696142     22
20.895997     30
21.095852     48

Distribuzione di Setpoint:
Series([], )

Distribuzione di PT120 Pressione offgas in ingresso alla torre distillazione:
14.461731     17
14.611319     50
14.760908    161
14.910496    364
15.060085    333
15.209674    134

Distribuzione di Riferimento_1:
0.375182      15
1.125545       3
1.875909       2
2.626272       0
3.376636       0
4.126999       1
4.877363       0
5.627726       1
6.378089       2
7.128453       4
7.878816       6
8.629180       2
9.379543       0
10.129907      1
10.880270      2
11.630634      5
12.380997      3
13.131361      0
13.881724      2
14.632088      2
15.382451      3
16.132815      1
16.883178      2
17.633542      2
18.383905      1
19.134268      1
19.884632      2
20.634995      1
21.385359      1
22.135722      1
22.886086      5
23.636449      2
24.386813      4
25.137176      5
25.887540      2
26.637903      4
27.388267      4
28.138630      5
28.888994      1
29.639357      4
30.389721      6
31.140084      4
31.890447      1
32.640811      1
33.391174      7
34.141538      5
34.891901      3
35.642265      4
36.392628      2
37.142992      6
37.893355      7
38.643719      7
39.394082      4
40.144446      6
40.894809      5
41.645173      7
42.395536      7
43.145900      3
43.896263     11
44.646626      8
45.396990      9
46.147353     10
46.897717      8
47.648080      5
48.398444      6
49.148807      9
49.899171      7
50.649534     12
51.399898      9
52.150261      6
52.900625      1
53.650988      5
54.401352     12
55.151715      7
55.902079      8
56.652442     10
57.402805     10
58.153169      8
58.903532     12
59.653896      6
60.404259      6
61.154623      7
61.904986     18
62.655350      9
63.405713      6
64.156077     13
64.906440     13
65.656804     11
66.407167      7
67.157531      7
67.907894      9
68.658257      6
69.408621      8
70.158984     12
70.909348     14
71.659711     15
72.410075     11
73.160438      9
73.910802      4
74.661165     10
75.411529     10
76.161892     13
76.912256     11
77.662619     10
78.412983      5
79.163346      9
79.913710     12
80.664073      7
81.414436     12
82.164800     10
82.915163      7
83.665527      9
84.415890      9
85.166254      8
85.916617     10
86.666981     10
87.417344     13
88.167708      8
88.918071      9
89.668435      5
90.418798      5
91.169162      8
91.919525      4
92.669889      7
93.420252      6
94.170615      7
94.920979      5
95.671342      4
96.421706      6
97.172069      9
97.922433      5
98.672796      8
99.423160      2
100.173523     4
100.923887     9
101.674250     8
102.424614     9
103.174977     8
103.925341     6
104.675704     4
105.426068     3
106.176431     2
106.926794     2
107.677158     4
108.427521     6
109.177885     7
109.928248     3
110.678612     7
111.428975     7
112.179339     6
112.929702     2
113.680066     6
114.430429     4
115.180793     4
115.931156     2
116.681520     4
117.431883     5
118.182247     5
118.932610     2
119.682973     9
120.433337     5
121.183700     3
121.934064     5
122.684427     5
123.434791     4
124.185154     6
124.935518     1
125.685881     4
126.436245     3
127.186608     3
127.936972     2
128.687335     5
129.437699     3
130.188062     5
130.938425     4
131.688789     3
132.439152     2
133.189516     2
133.939879     2
134.690243     1
135.440606     2
136.190970     1
136.941333     5
137.691697     2
138.442060     1
139.192424     2
139.942787     2
140.693151     3
141.443514     1
142.193878     1
142.944241     0
143.694604     0
144.444968     1
145.195331     2
145.945695     0
146.696058     3
147.446422     0
148.196785     0
148.947149     0
149.697512     0
150.447876     1
151.198239     2
151.948603     2
152.698966     1
153.449330     1
154.199693     0
154.950057     0
155.700420     1
156.450783     0
157.201147     0
157.951510     2
158.701874     2
159.452237     0
160.202601     2
160.952964     0
161.703328     1
162.453691     0
163.204055     2
163.954418     0
164.704782     0
165.455145     0
166.205509     0
166.955872     3
167.706236     0
168.456599     1
169.206962     0
169.957326     0
170.707689     0
171.458053     0
172.208416     0
172.958780     0
173.709143     1
174.459507     1
175.209870     0
175.960234     0
176.710597     0
177.460961     0
178.211324     0
178.961688     2
179.712051     0
180.462415     0
181.212778     0

Distribuzione di Output_1:
13.984949     10
14.144810      5
14.304672      5
14.464533     10
14.624395     20
14.784256     16
14.944118      7
15.103979     24
15.263841     47
15.423702     58
15.583564     85
15.743425    109
15.903286    107
16.063148    128
16.223009    103
16.382871    115
16.542732     77
16.702594     54
16.862455     39
17.022317     40
17.182178     17

Distribuzione di Setpoint_1:
67.927777      3
68.660611     15
69.393445     11
70.126280     27
70.859114     59
71.591948     98
72.324782    151
73.057616    191
73.790450    227
74.523284    137
75.256119     77
75.988953     34
76.721787     32
77.454621     13

Distribuzione di PT202 Pressione reboiler:
14.414898     16
14.564138     44
14.713377    143
14.862617    366
15.011856    338
15.161096    148
15.310335     26

Distribuzione di PT201 Pressione CO2 liquefatta post condensatore:
14.394683     18
14.543641     49
14.692598    147
14.841555    368
14.990512    334
15.139470    143

Distribuzione di PT123 Pressione offgas evaporato da colonna:
14.376659     17
14.525375     52
14.674090    155
14.822806    371
14.971521    329
15.120237    135

Distribuzione di FT123 Portata offgas evaporato da colonna:
0.373708      14
1.121125       5
1.868541       3
2.615957       0
3.363374       2
4.110790       2
4.858206       0
5.605623       1
6.353039       3
7.100455       3
7.847872       1
8.595288       4
9.342704       2
10.090121      2
10.837537      1
11.584953      8
12.332370      2
13.079786      1
13.827202      0
14.574619      4
15.322035      4
16.069451      2
16.816868      3
17.564284      1
18.311700      2
19.059117      2
19.806533      4
20.553950      1
21.301366      1
22.048782      1
22.796199      4
23.543615      1
24.291031      3
25.038448      3
25.785864      3
26.533280      4
27.280697      2
28.028113      4
28.775529      5
29.522946      5
30.270362      3
31.017778      3
31.765195      3
32.512611      3
33.260027      2
34.007444      4
34.754860      4
35.502276      2
36.249693      7
36.997109      3
37.744525      4
38.491942      4
39.239358      3
39.986775      6
40.734191      8
41.481607      4
42.229024      8
42.976440      6
43.723856     13
44.471273      4
45.218689      9
45.966105      9
46.713522      6
47.460938      8
48.208354      6
48.955771     11
49.703187      6
50.450603      3
51.198020     15
51.945436      6
52.692852      5
53.440269      7
54.187685      9
54.935101      6
55.682518      6
56.429934      7
57.177350     14
57.924767      8
58.672183      7
59.419600      5
60.167016      8
60.914432     10
61.661849     11
62.409265     14
63.156681      9
63.904098      9
64.651514      9
65.398930      9
66.146347     16
66.893763      6
67.641179      7
68.388596      9
69.136012      7
69.883428     10
70.630845     18
71.378261     13
72.125677     14
72.873094      7
73.620510     10
74.367926      9
75.115343      6
75.862759     14
76.610176      7
77.357592      4
78.105008     15
78.852425      8
79.599841     10
80.347257     11
81.094674      9
81.842090     11
82.589506      5
83.336923      7
84.084339      9
84.831755      6
85.579172     11
86.326588     13
87.074004     11
87.821421      6
88.568837     12
89.316253      6
90.063670      5
90.811086      7
91.558502      2
92.305919     11
93.053335      3
93.800751      7
94.548168      5
95.295584      4
96.043001      6
96.790417      7
97.537833      7
98.285250     10
99.032666      3
99.780082      7
100.527499     8
101.274915     8
102.022331     4
102.769748     8
103.517164     7
104.264580     6
105.011997     2
105.759413     1
106.506829     2
107.254246     6
108.001662     3
108.749078     6
109.496495     4
110.243911     7
110.991327     6
111.738744     3
112.486160     4
113.233576     8
113.980993     5
114.728409     1
115.475826     5
116.223242     3
116.970658     2
117.718075     5
118.465491     7
119.212907     4
119.960324     5
120.707740     2
121.455156     7
122.202573     4
122.949989     6
123.697405     4
124.444822     4
125.192238     5
125.939654     6
126.687071     0
127.434487     4
128.181903     3
128.929320     2
129.676736     2
130.424152     4
131.171569     3
131.918985     4
132.666401     1
133.413818     1
134.161234     2
134.908651     2
135.656067     1
136.403483     3
137.150900     4
137.898316     3
138.645732     3
139.393149     2
140.140565     2
140.887981     1
141.635398     1
142.382814     2
143.130230     0
143.877647     1
144.625063     1
145.372479     1
146.119896     2
146.867312     2
147.614728     0
148.362145     1
149.109561     0
149.856977     0
150.604394     0
151.351810     0
152.099226     1
152.846643     0
153.594059     1
154.341476     3
155.088892     1
155.836308     0
156.583725     0
157.331141     2
158.078557     0
158.825974     2
159.573390     1
160.320806     3
161.068223     1
161.815639     1
162.563055     0
163.310472     0
164.057888     0
164.805304     0
165.552721     0
166.300137     1
167.047553     2
167.794970     0
168.542386     1
169.289802     0
170.037219     0
170.784635     0
171.532051     0
172.279468     0
173.026884     0
173.774301     0
174.521717     1
175.269133     0
176.016550     1
176.763966     0
177.511382     0
178.258799     1
179.006215     1
179.753631     0
180.501048     0
181.248464     0
181.995880     0
182.743297     0
183.490713     0
184.238129     0

Distribuzione di PT300 Pressione gas incondensabili in uscita condensatore:
14.422549     17
14.571901     47
14.721252    136
14.870603    357
15.019954    348
15.169305    147
15.318657     29

Distribuzione di Riferimento_2:
14.423996     17
14.573345     49
14.722695    137
14.872045    358
15.021395    346
15.170744    146

Distribuzione di Output_2:
0.005353    187
0.016060     37
0.026766     28
0.037472     20
0.048179     14
0.058885     15
0.069592     14
0.080298     12
0.091004     14
0.101711      4
0.112417      5
0.123124      2
0.133830      3
0.144536      4
0.155243      2
0.165949      3
0.176655      2
0.187362      2
0.198068      5
0.208775      6
0.219481      3
0.230187      2
0.240894      2
0.251600      1
0.262307      2
0.273013      2
0.283719      4
0.294426      2
0.305132      1
0.315839      3
0.326545      4
0.337251      5
0.347958      3
0.358664      2
0.369371      4
0.380077      1
0.390783      2
0.401490      6
0.412196      4
0.422902      7
0.433609      5
0.444315      4
0.455022      5
0.465728      9
0.476434      4
0.487141      5
0.497847      4
0.508554      4
0.519260      5
0.529966      1
0.540673      2
0.551379      3
0.562086      4
0.572792      6
0.583498      5
0.594205      0
0.604911      3
0.615618      3
0.626324      3
0.637030      2
0.647737      4
0.658443      2
0.669149      2
0.679856      1
0.690562      4
0.701269      0
0.711975      4
0.722681      0
0.733388      3
0.744094      2
0.754801      6
0.765507      4
0.776213      3
0.786920      3
0.797626      3
0.808333      2
0.819039      1
0.829745      4
0.840452      3
0.851158      2
0.861865      7
0.872571      2
0.883277      3
0.893984      3
0.904690      5
0.915396      5
0.926103      4
0.936809      2
0.947516      4
0.958222      3
0.968928      5
0.979635      5
0.990341      1
1.001048      2
1.011754      7
1.022460      3
1.033167      3
1.043873      2
1.054580      5
1.065286      6
1.075992      4
1.086699      1
1.097405      5
1.108112      3
1.118818      3
1.129524      3
1.140231      3
1.150937      3
1.161644      3
1.172350      1
1.183056      3
1.193763      2
1.204469      2
1.215175      3
1.225882      4
1.236588      2
1.247295      3
1.258001      1
1.268707      5
1.279414      6
1.290120      2
1.300827      1
1.311533      6
1.322239      1
1.332946      7
1.343652      3
1.354359      2
1.365065      3
1.375771      2
1.386478      2
1.397184      3
1.407891      0
1.418597      2
1.429303      1
1.440010      2
1.450716      2
1.461422      1
1.472129      2
1.482835      0
1.493542      1
1.504248      1
1.514954      1
1.525661      4
1.536367      0
1.547074      3
1.557780      0
1.568486      1
1.579193      8
1.589899      6
1.600606      0
1.611312      0
1.622018      1
1.632725      3
1.643431      3
1.654138      3
1.664844      2
1.675550      2
1.686257      2
1.696963      3
1.707669      0
1.718376      1
1.729082      3
1.739789      0
1.750495      1
1.761201      5
1.771908      4
1.782614      3
1.793321      3
1.804027      1
1.814733      1
1.825440      2
1.836146      5
1.846853      3
1.857559      2
1.868265      1
1.878972      1
1.889678      1
1.900385      1
1.911091      2
1.921797      4
1.932504      1
1.943210      5
1.953916      2
1.964623      4
1.975329      0
1.986036      2
1.996742      0
2.007448      0
2.018155      1
2.028861      2
2.039568      3
2.050274      0
2.060980      0
2.071687      1
2.082393      4
2.093100      1
2.103806      2
2.114512      2
2.125219      3
2.135925      0
2.146632      0
2.157338      0
2.168044      1
2.178751      5
2.189457      3
2.200163      1
2.210870      1
2.221576      3
2.232283      1
2.242989      1
2.253695      0
2.264402      0
2.275108      2
2.285815      0
2.296521      5
2.307227      4
2.317934      1
2.328640      2
2.339347      3
2.350053      2
2.360759      5
2.371466      2
2.382172      2
2.392879      3
2.403585      1
2.414291      3
2.424998      2
2.435704      3
2.446411      1
2.457117      2
2.467823      1
2.478530      0
2.489236      1
2.499942      1
2.510649      1
2.521355      2
2.532062      0
2.542768      2
2.553474      1
2.564181      3
2.574887      2
2.585594      0
2.596300      1
2.607006      1
2.617713      1
2.628419      2
2.639126      3
2.649832      2
2.660538      0
2.671245      2
2.681951      1
2.692658      1
2.703364      3
2.714070      2
2.724777      3
2.735483      0
2.746189      2
2.756896      2
2.767602      1
2.778309      2
2.789015      0
2.799721      2
2.810428      1
2.821134      2
2.831841      1
2.842547      1
2.853253      0
2.863960      4
2.874666      0
2.885373      0
2.896079      3
2.906785      0
2.917492      1
2.928198      1
2.938905      0
2.949611      0
2.960317      2
2.971024      1
2.981730      1
2.992436      0
3.003143      2
3.013849      0
3.024556      2
3.035262      1
3.045968      0
3.056675      0
3.067381      2
3.078088      0
3.088794      0
3.099500      1
3.110207      0
3.120913      0
3.131620      2
3.142326      0
3.153032      0
3.163739      1
3.174445      2
3.185152      2
3.195858      1
3.206564      1
3.217271      1
3.227977      0
3.238683      1
3.249390      0
3.260096      1
3.270803      1
3.281509      0
3.292215      2
3.302922      0
3.313628      0
3.324335      1
3.335041      1
3.345747      1
3.356454      1
3.367160      0
3.377867      2
3.388573      1
3.399279      1
3.409986      2
3.420692      0
3.431399      0
3.442105      0
3.452811      0
3.463518      0
3.474224      0
3.484931      0
3.495637      1
3.506343      2
3.517050      0
3.527756      0
3.538462      1
3.549169      0
3.559875      0
3.570582      0
3.581288      0
3.591994      0
3.602701      0
3.613407      0
3.624114      1
3.634820      0
3.645526      0
3.656233      0
3.666939      2
3.677646      0
3.688352      0
3.699058      0
3.709765      0
3.720471      1
3.731178      1
3.741884      1
3.752590      0
3.763297      1
3.774003      0
3.784709      1
3.795416      1
3.806122      0
3.816829      0
3.827535      0
3.838241      0
3.848948      0
3.859654      0
3.870361      0
3.881067      0
3.891773      0
3.902480      1
3.913186      0
3.923893      0
3.934599      2
3.945305      0
3.956012      0
3.966718      0
3.977425      0
3.988131      1
3.998837      0
4.009544      1
4.020250      0
4.030956      0
4.041663      0
4.052369      1
4.063076      0
4.073782      0
4.084488      0
4.095195      0
4.105901      1
4.116608      0
4.127314      0
4.138020      0
4.148727      0
4.159433      0
4.170140      0
4.180846      1
4.191552      2
4.202259      2
4.212965      1
4.223672      2
4.234378      1
4.245084      1
4.255791      1
4.266497      0
4.277203      1
4.287910      1
4.298616      0
4.309323      1
4.320029      0
4.330735      0
4.341442      1
4.352148      1
4.362855      0
4.373561      1
4.384267      1
4.394974      1
4.405680      0
4.416387      0
4.427093      0
4.437799      0
4.448506      0
4.459212      0
4.469919      0
4.480625      0
4.491331      0
4.502038      0
4.512744      0
4.523451      0
4.534157      0
4.544863      0
4.555570      1
4.566276      0
4.576982      0
4.587689      0
4.598395      0
4.609102      0
4.619808      0
4.630514      0
4.641221      0
4.651927      0
4.662634      0
4.673340      0
4.684046      0
4.694753      0
4.705459      0
4.716166      0
4.726872      0
4.737578      1
4.748285      0
4.758991      0
4.769698      0
4.780404      1
4.791110      0
4.801817      0
4.812523      0
4.823229      0
4.833936      0
4.844642      0
4.855349      0
4.866055      0
4.876761      0
4.887468      0
4.898174      0
4.908881      1
4.919587      0
4.930293      0
4.941000      0
4.951706      0
4.962413      0
4.973119      0
4.983825      0
4.994532      0
5.005238      0
5.015945      0
5.026651      0
5.037357      0
5.048064      0
5.058770      0
5.069476      1
5.080183      0
5.090889      0
5.101596      0
5.112302      0
5.123008      0
5.133715      1
5.144421      0
5.155128      0
5.165834      0
5.176540      0
5.187247      1
5.197953      0
5.208660      0
5.219366      0
5.230072      0
5.240779      1
5.251485      0
5.262192      0
5.272898      0
5.283604      1
5.294311      0

Distribuzione di Apertura valvola:
20.261494     3
20.584480     0
20.907467     0
21.230453     2
21.553440     1
21.876427     0
22.199413     0
22.522400     0
22.845386     0
23.168373     3
23.491360     2
23.814346     3
24.137333     2
24.460319     5
24.783306     0
25.106293     3
25.429279     3
25.752266     3
26.075252     9
26.398239     5
26.721226     4
27.044212     4
27.367199     3
27.690185    17
28.013172    18
28.336159     9
28.659145    28
28.982132    23
29.305118    26
29.628105    32
29.951092    43
30.274078    49
30.597065    43
30.920051    47
31.243038    46
31.566025    48
31.889011    44
32.211998    27
32.534984    36
32.857971    41
33.180958    44
33.503944    37
33.826931    30
34.149917    46
34.472904    32
34.795891    36
35.118877    27
35.441864    28
35.764850    23
36.087837    21
36.410824    16
36.733810    17
37.056797    13
37.379783    15
37.702770    17
38.025757    14
38.348743     5
38.671730     9
38.994716     2
39.317703     4
39.640690     5

Distribuzione di Valore di recupero percentuale di CO2 dell'impianto:
32.490916      0
33.168769      0
33.846623      2
34.524476      1
35.202330      4
35.880184      1
36.558037      1
37.235891      0
37.913744      2
38.591598      1
39.269452      2
39.947305      3
40.625159      3
41.303012      2
41.980866      6
42.658719      4
43.336573      4
44.014427      1
44.692280      0
45.370134      4
46.047987     10
46.725841      6
47.403694     13
48.081548      9
48.759402      9
49.437255      7
50.115109     10
50.792962      5
51.470816      7
52.148669     16
52.826523     10
53.504377     11
54.182230     10
54.860084     13
55.537937     12
56.215791     12
56.893644      8
57.571498      8
58.249352     14
58.927205     14
59.605059     14
60.282912      6
60.960766     13
61.638619     13
62.316473     20
62.994327     18
63.672180     22
64.350034     28
65.027887     28
65.705741     27
66.383594     32
67.061448     27
67.739302     33
68.417155     39
69.095009     32
69.772862     31
70.450716     23
71.128569     22
71.806423     29
72.484277     24
73.162130     35
73.839984     20
74.517837     24
75.195691     27
75.873544     24
76.551398     23
77.229252     18
77.907105     16
78.584959     10
79.262812     12
79.940666     12
80.618520      7
81.296373     12
81.974227      7
82.652080      5
83.329934      2
84.007787      9
84.685641      6
85.363495      3
86.041348      9
86.719202      4
87.397055      5
88.074909      4
88.752762      9
89.430616      4
90.108470      2
90.786323      8
91.464177      3
92.142030      2
92.819884      2
93.497737      3
94.175591      1
94.853445      3
95.531298      4
96.209152      1
96.887005      2
97.564859      2
98.242712      2
98.920566      0
99.598420      2
100.276273     1
100.954127     1
101.631980     1
102.309834     4
102.987687     1
103.665541     0
104.343395     0
105.021248     0
105.699102     0
106.376955     0
107.054809     1
107.732662     0
108.410516     0
109.088370     0
109.766223     0
110.444077     0
111.121930     1
111.799784     0
112.477637     0
113.155491     0
113.833345     0
114.511198     0
115.189052     0
115.866905     0
116.544759     0
117.222612     0
117.900466     0
118.578320     0

Distribuzione di Surriscaldamento:
1.528353      0
1.585060      0
1.641766      1
1.698473      0
1.755179      0
1.811886      1
1.868592      0
1.925299      0
1.982005      0
2.038712      0
2.095418      0
2.152125      0
2.208831      1
2.265538      0
2.322244      0
2.378951      0
2.435657      0
2.492364      1
2.549070      0
2.605777      3
2.662483      1
2.719190      1
2.775897      4
2.832603      0
2.889310      5
2.946016      2
3.002723      5
3.059429      4
3.116136     10
3.172842     10
3.229549      3
3.286255     14
3.342962     10
3.399668     11
3.456375      2
3.513081      6
3.569788      2
3.626494      9
3.683201      7
3.739907      2
3.796614      2
3.853320      1
3.910027      7
3.966733      4
4.023440      5
4.080146      6
4.136853      0
4.193559      3
4.250266      0
4.306972      6
4.363679      2
4.420385      4
4.477092      5
4.533798      2
4.590505      9
4.647211      3
4.703918      6
4.760624      1
4.817331      6
4.874037     10
4.930744      6
4.987450      7
5.044157      0
5.100863      8
5.157570      1
5.214277      8
5.270983      5
5.327690     14
5.384396     10
5.441103      1
5.497809     10
5.554516      8
5.611222     26
5.667929     12
5.724635     33
5.781342     40
5.838048     37
5.894755     72
5.951461     75
6.008168     93
6.064874     62
6.121581     56
6.178287     54
6.234994     22
6.291700     47
6.348407     17
6.405113     36
6.461820      7
6.518526     19
6.575233     13
6.631939      1
6.688646      6
6.745352      3
6.802059      6
6.858765      1
6.915472      4
6.972178      7
7.028885      1
7.085591      2
7.142298      4
7.199004      4
7.255711      0
7.312417      2
7.369124      0
7.425830      4
7.482537      2
7.539243      0
7.595950      2
7.652657      0
7.709363      3
7.766070      1
7.822776      3
7.879483      2
7.936189      0
7.992896      3
8.049602      0
8.106309      0
8.163015      0
8.219722      0
8.276428      2
8.333135      1
8.389841      4
8.446548      0
8.503254      0
8.559961      0
8.616667      1
8.673374      0
8.730080      0
8.786787      0
8.843493      1
8.900200      0
8.956906      0
9.013613      0
9.070319      0
9.127026      2
9.183732      0
9.240439      0
9.297145      0
9.353852      0
9.410558      1
9.467265      0
9.523971      0
9.580678      1
9.637384      0
9.694091      0
9.750797      0
9.807504      0
9.864210      0
9.920917      0
9.977624      0
10.034330     0
10.091037     1
10.147743     0
10.204450     0
10.261156     0
10.317863     0
10.374569     1
10.431276     0
10.487982     0
10.544689     1
10.601395     0
10.658102     0

Distribuzione di Pressione evaporazione:
Series([], )

Distribuzione di Pressione condensazione:
10.659619      3
10.778857      1
10.898095      3
11.017333      4
11.136571      5
11.255809     24
11.375047     37
11.494285     44
11.613523     71
11.732761    127
11.851999    159
11.971237    159
12.090475    184
12.209713    161
12.328951     68
12.448189     31

